19912
11434
6394
17708
16947
14133
8659
9200
13109
10784
821
2104
2324
14111
4530
10736
7824
1680
17755
3884
9986
11113
9104
6208
3259
8461
10323
4730
12948
18141
9828
17590
4263
964
8028
5144
5297
672
3454
16444
16009
1313
18670
13032
19497
18119
6403
16225
6361
8782
7057
2839
18860
18854
19930
18571
5401
9414
10481
9976
8881
7961
6332
10294
9096
12405
13566
19487
11273
392
19831
18017
11504
9766
11405
17869
4793
14696
4917
18449
10561
13197
16728
14226
14031
11883
8549
11320
18727
4820
19670
3396
11952
17042
5352
2025
18782
6176
13849
2483
13304
3587
15212
15182
5917
8807
6737
5059
16891
253
18329
16437
16441
10078
19199
15345
13858
13816
6673
16360
366
9719
17382
4858
16307
7158
5007
4494
9923
13096
8707
6171
1979
14542
16318
13859
17194
10488
6213
16493
18336
2811
12143
4337
14875
17901
4314
17994
11953
8972
6710
2700
19715
13682
3800
4257
13765
9494
12649
1636
16353
2848
7394
4000
6216
18840
12739
18557
19821
9604
2607
18593
6402
2715
1074
19451
18663
17950
18043
244
19805
4727
16097
15820
7810
4844
11265
11886
7010
5419
18862
666
16694
14259
18070
15366
4557
1883
15908
16213
2648
5675
18688
12078
4907
9791
1675
19710
7762
89
4615
2357
5650
7950
9917
10870
15655
2413
8033
6379
7668
19270
17282
14154
4543
18361
129
2377
4714
6772
16486
17555
15851
5028
263
18754
9302
9498
5124
12532
17764
2216
5802
13669
16808
12068
11989
4230
6139
9895
5354
5637
18053
495
3387
9455
8788
19116
14885
11973
551
17488
15765
19082
1459
60
15327
1973
3376
3802
1773
19375
10768
11204
6966
5969
4825
7893
18892
12006
19240
7007
11517
11859
7717
4734
17041
13391
7452
10818
13253
17510
6220
1907
18077
5325
15998
19667
12008
11014
19835
18598
80
7587
18641
3165
6778
16080
8925
17934
3196
19612
19551
14744
8252
16817
13906
2819
17690
598
19966
14080
9171
3464
2017
7963
5255
1800
15900
18668
3989
11622
15511
17796
12886
11925
12450
15136
8378
7917
772
14233
10389
6982
19986
6357
11318
15959
9049
14341
6995
10455
14407
15381
8882
1635
9550
5774
3091
5733
8891
19154
4532
18380
601
12084
13815
18421
18367
18768
19552
19656
19902
4942
10929
12901
90
1448
5443
17075
5521
6238
18594
14473
8118
3449
17002
16541
365
3334
14576
12323
19584
14044
9525
10841
9573
7896
18720
17343
19065
11871
7069
19055
5928
8427
701
5653
2771
6664
8921
13313
16295
16557
19427
16934
9283
6821
4168
16561
13117
8249
11277
11802
251
6242
18435
14853
7731
14735
6129
13196
10386
1886
7671
10072
11130
591
4129
14352
2413
14143
439
17139
5183
11043
4801
9525
14199
7479
8985
3978
341
14510
10151
18249
15359
8088
4455
14455
5675
19704
16113
17242
2374
5151
3731
13633
500
1623
2987
137
6667
19216
8532
14460
9938
10583
9879
5995
13893
10358
3994
14920
3468
19406
12634
7431
4877
18689
12889
16771
1767
18193
6622
16394
6050
16067
4928
527
8744
19811
14856
16384
13507
4242
19479
19330
18752
7313
2275
8350
11241
14849
5475
10085
17443
4568
19281
16615
17590
13563
18901
1237
15298
14855
19588
14475
10310
7671
1478
15530
11640
6064
2801
17689
3177
8708
7964
13501
10311
4983
12810
1391
6646
7788
10706
16658
1580
16671
18352
7082
15319
2689
12673
3785
10855
7297
10494
4824
5838
17641
1835
2230
9486
2463
7581
17176
8519
6962
189
4384
11474
4917
5919
2503
1274
298
1270
6522
1672
5318
14000
18397
10618
10824
5054
326
2922
5502
4828
14015
19982
13293
18025
7521
11675
10401
11271
4785
1254
12511
17042
7710
5162
2751
7658
10917
1088
16100
12430
16855
15538
15101
8501
7798
12348
15384
11003
16822
7414
3986
8798
4805
12646
4128
2866
18370
17707
7253
15677
2443
59
5925
7249
4418
16953
12354
6338
8284
3022
5154
1623
5772
19335
17970
8800
13338
3306
16933
7212
4794
14469
14702
11512
16946
3570
4984
3198
6184
3893
19836
5432
17288
13988
18405
1877
104
14178
4146
5655
15978
15042
3074
12291
18041
13591
18107
11029
4178
11233
1382
2214
9651
3760
4594
16258
17311
5494
2335
14748
11451
7077
1519
14788
2665
11127
17836
6210
14984
9752
14086
6579
8963
9185
19959
15974
2256
13698
9326
9076
8308
1260
7993
18426
5774
19043
1589
18809
11757
17694
11488
8193
5472
17827
7895
6419
19712
9171
11481
3604
17784
10874
10847
2331
1670
10139
1814
14465
5326
14676
4759
15491
7935
19987
19064
359
14432
13536
3421
10699
5551
16232
4399
19362
17841
18532
181
16356
19428
3692
1863
3387
1218
15586
8902
8744
10026
6409
17790
15180
19838
13862
15752
16934
14514
3665
10782
9504
16372
4632
8782
10899
12613
5372
14801
11046
6653
17941
5068
16790
17652
17530
19475
11054
1251
10199
232
19712
2921
1474
16393
5153
6004
15348
18774
12207
17442
6689
8651
19109
5174
14405
9278
18133
8051
5087
6723
11350
11689
1366
14921
2982
8339
5478
15915
17881
18724
4097
18013
646
9273
19591
16461
18733
14151
5133
5628
18359
2792
1314
9429
8616
12409
13033
18450
9857
6545
15103
638
19520
18173
2060
4729
8235
13141
1054
18366
13843
16043
18253
15286
667
3130
17297
8820
2916
10128
19334
13011
2326
3577
12288
9451
2515
5684
1608
9538
549
7348
5497
16221
18665
6891
17275
15236
17444
18985
7884
13603
763
2063
1191
17045
7255
6258
18623
3821
10562
14889
3345
7955
4284
8917
9883
13292
15436
5064
16696
13575
2964
3057
342
14446
7338
12528
6605
11146
12011
4679
16711
15159
4874
12720
9415
3972
13103
9789
1336
16335
6469
3362
19005
5622
11891
6849
2208
14913
10875
17343
16911
8451
12000
6887
17973
18348
12332
13863
5951
17512
3664
4574
6289
12405
3926
15093
12712
16342
15534
1249
12450
18399
590
7634
10113
17928
9241
18196
16088
18373
7364
15170
19496
8262
8655
17110
17313
18297
959
16086
15226
11401
3689
7659
18718
16145
16716
18083
9753
19928
529
5462
5715
4946
4828
4231
13087
15200
14715
15824
5950
13775
14969
9587
16102
4599
13168
7786
1156
7868
10545
1875
5343
19244
9234
5374
9640
4881
13423
13950
7035
376
4294
3760
11271
17541
18051
11653
2072
12627
18118
1090
3311
7356
15824
10226
17450
10741
13843
13344
10645
4341
12596
19109
4117
2517
5274
8305
14765
962
11376
12769
16118
15559
947
15953
907
18724
16302
1568
18623
9467
12075
16992
18685
17474
4161
15429
19115
9593
10874
14909
6736
14438
19644
2370
9212
7495
14376
2780
12316
6531
17809
3107
18007
5265
14446
9711
8579
11757
13903
17128
6456
17115
7318
5065
2965
18838
5329
15489
11773
15044
16145
6530
17710
13139
9576
13859
727
17187
15380
11480
8497
9639
15199
8788
19391
13739
1696
17936
2879
12355
2105
16501
14277
13448
12812
1785
9925
13405
5509
14504
19187
9875
19959
1265
10264
4518
12825
13374
14486
10828
18568
6353
11909
13987
15759
2350
4653
17201
17076
19248
17233
12348
7029
12959
16621
18170
8487
14384
8621
694
11236
19528
13686
7017
7722
6951
6922
19280
325
2483
9639
15169
7552
18356
12811
14853
10166
18978
13779
8925
10314
6312
13778
9975
1312
143
13756
4384
14786
1390
15195
19990
19806
2562
16095
12962
11395
12835
4500
9876
8491
6770
16277
7271
19098
9968
6439
10443
5865
17853
19140
7890
19943
18727
12881
9432
10204
16995
6017
2049
75
4455
9192
13560
9504
14528
4384
16041
18243
958
983
3183
19877
1080
14384
2658
10740
18851
14343
7060
14092
5047
15952
2969
18026
12318
15308
18381
2008
6810
10148
4470
2158
4982
17307
17331
8720
10292
10960
19141
13388
16617
14669
18311
3213
6684
8882
17518
13071
16607
10180
1242
9378
1738
3534
1387
2861
1604
3401
11152
7422
10971
19730
12200
19239
4236
14123
15116
648
10824
11604
16901
18277
716
12953
5353
10845
4648
18414
19961
11809
7120
6512
10631
1305
14941
5301
10313
13491
13538
12248
10424
12214
17226
12602
18188
5304
3079
6679
10218
2909
15992
4434
7708
15439
14946
17149
17385
14521
12833
9101
15466
1717
8613
3625
18725
59
1504
19457
19325
17174
1102
14727
6446
17951
407
3154
11431
4930
16546
8283
7400
2602
14620
10514
5771
8791
10582
2402
18992
4108
12106
6652
15867
3560
15361
8200
18183
8225
19108
2367
10970
4358
6520
1213
31
12717
8362
348
12485
7382
8704
10701
12891
16145
4163
2248
5227
13354
7700
16858
4264
437
7932
4096
17927
1957
13010
17610
19563
13016
3936
18477
11240
2856
13301
1972
1006
1054
3453
19879
9135
13385
17475
15065
10856
339
6721
12481
10651
19925
10506
5659
17051
14228
16345
402
5024
112
3837
14533
5099
11804
14472
6664
18288
5200
9232
16640
12383
1864
15716
10916
4407
12876
8631
4305
15368
3641
4076
8724
6698
10474
11812
11437
18442
5063
15461
15235
17177
5887
5272
14824
15408
4617
3930
4909
4371
5016
4396
11114
14402
6073
2551
8279
19763
5676
11486
6931
6286
17881
3090
14944
13879
10795
10775
9112
12128
12928
11317
11992
6122
786
19112
6355
1508
7718
17056
16261
2220
18994
6744
11025
827
14691
7417
4120
13841
9405
18989
19461
10280
17354
10060
5484
10651
4956
14456
447
3436
1942
9824
17314
10715
4878
5252
988
450
543
15076
226
19956
14017
17272
1871
8148
9251
6285
16081
13179
4830
18470
18744
10440
18482
17231
11970
4554
15433
17329
12633
10633
19846
6691
9593
12753
16064
2511
3850
18697
7827
10765
11891
10999
7252
5526
9618
2265
4788
11068
14819
15181
14063
12502
13595
6772
7633
5824
8345
1963
9179
11950
4409
13134
3494
4326
12656
8107
14743
13595
19394
9032
15913
14534
8045
16705
2434
17483
9258
1687
2315
14765
14901
15613
6631
16553
12464
636
8993
9279
5029
11833
15051
13868
2229
467
1363
17766
8088
2617
13716
10639
6415
14796
6303
10420
5659
15669
10705
3872
11064
16442
6510
11544
1508
5247
5179
10785
6933
1914
899
1979
2184
1365
19235
8289
8390
882
16505
18751
8849
13991
16643
12646
5080
6800
7180
2499
16292
7133
13309
13500
635
3317
15215
5745
10883
15299
7196
14553
3488
17893
188
10510
15611
14144
1062
10413
3113
15840
13000
8667
1200
16935
13215
16815
16362
1226
5448
6808
14302
6661
10682
18524
7146
11851
4478
5707
4553
11337
5301
9229
17175
7002
11455
18801
16334
2427
5661
9370
14413
9537
8778
1974
3173
17732
16212
497
2762
9644
2290
3323
7291
5221
8262
6762
17919
6536
8222
13056
11276
3473
19685
17149
16162
12475
17979
2169
4050
15731
6213
9490
12125
5493
4867
9011
3498
9928
12356
16226
18723
8493
8159
5767
668
3901
13252
13164
17562
8183
481
3449
4737
15873
16130
237
9692
10076
11237
7644
7757
1000
6769
7184
5433
15180
11915
13187
10677
7557
10402
9497
5191
12866
18289
17073
7901
10380
7764
19416
15704
1039
10051
17284
15895
7390
4151
19423
10814
5148
4105
17050
15651
9368
3626
8712
6636
4283
5026
17593
13440
9769
9014
6644
7152
3472
6551
2252
3173
4397
14652
2670
4942
10500
18092
10768
10500
4594
3252
12399
3750
7753
16494
13679
13266
1066
10122
12242
19373
12021
12497
12765
169
19431
10268
11878
1136
18658
2412
11342
9750
9246
11525
5142
18292
9550
10439
7185
16383
19359
12621
15668
11769
4960
15207
4310
14798
9670
18668
18232
8583
11327
19789
5665
532
9825
18969
7124
7847
4839
12979
3161
13229
2112
12847
12213
17781
6911
5290
15250
15476
15065
11497
1292
6462
13447
4168
4777
15406
19733
13975
9822
1284
18344
8110
17356
17733
15587
9053
9039
2550
12281
613
6480
7286
2079
19256
1020
5911
18219
1113
7060
9748
7053
9125
2324
4427
19112
9808
7073
5554
8574
3098
15455
14359
13163
8494
4248
19886
18256
7393
8717
9259
10114
11988
19751
14674
9536
139
14778
11800
16740
9544
2090
17293
6838
1253
18603
9944
19697
10725
17857
12208
7153
18017
17665
18973
3229
11179
8576
1026
15379
8249
7700
15257
18119
269
13977
13007
11182
4839
15658
10229
16218
10398
14377
10667
11714
4846
12604
6365
501
9075
19484
15158
14302
18818
10375
1044
3922
3917
14531
15794
11079
7182
16673
2279
9650
11832
1415
2110
9657
865
10062
17700
5584
8637
8900
14415
7990
1295
6346
4922
19518
18555
10799
18820
14417
9698
3097
8895
13656
13183
12478
9936
14152
442
17910
11128
19351
4983
10004
17776
8006
4048
9712
7454
16742
15242
270
18170
12135
1104
10817
315
12545
5497
19082
10316
6382
14280
1523
16513
13371
15079
7215
17494
9325
2283
4781
14781
12173
11484
8998
3160
5655
3857
4102
16503
6577
12955
12685
2567
11395
17770
10669
6445
12551
7746
19264
14091
7662
13070
1362
14693
8674
2214
5918
18593
4551
5554
18742
180
5936
19335
682
6485
13215
1033
8592
811
12110
6473
15120
13264
17348
14888
11800
9124
15903
4970
9281
11207
19433
4076
16080
9263
17912
11110
7369
15304
7597
9457
18774
12484
17792
9621
6083
8056
13513
14017
13140
7786
10891
5849
16123
16856
1662
15346
4271
17325
2964
1149
10618
2008
3989
18297
7470
10676
2890
2933
15050
14544
4011
1303
6007
12451
17541
19746
9442
11805
8660
16083
9448
692
1584
11474
8338
19223
12857
3052
12677
16535
2626
7825
2674
5471
6598
4171
19309
13651
12334
8776
6687
5084
6653
7567
372
6862
13344
10623
18792
36
987
16002
1492
5555
2970
3014
11989
1940
760
14124
5524
12776
15754
1322
19600
7025
15482
13548
40
4833
14634
6975
16108
5560
6030
11134
4791
14502
10455
18184
10059
11373
18618
11261
15527
13923
4731
16960
13577
11286
18819
2318
14404
4497
16459
6391
4285
4440
2945
7457
12277
13076
458
11971
4780
3506
15680
9290
17707
15772
9622
17243
15534
992
15500
5892
17059
13101
7406
4358
7733
4131
18880
7951
15189
11920
10483
8447
11678
8567
3023
14817
8489
9828
16742
2689
16233
3909
7803
4820
118
868
3072
1807
8300
2942
9137
16865
1793
2576
16252
1879
7185
19560
14669
19301
16256
2912
8901
6801
3392
6703
14856
6092
17737
351
12962
1476
7194
12558
4832
14223
8654
19497
4577
16393
11589
13236
8574
14067
17047
11533
1100
19359
13771
2618
9709
16368
12765
16571
13286
6395
7372
7568
15261
14412
10587
5866
5683
4428
1635
14021
10430
3544
10177
18225
15609
16335
15853
15928
7015
9904
5106
1241
19389
9336
2284
6972
5347
4172
14729
15197
11765
5911
1364
19312
2420
15823
9267
11399
12975
12715
2250
18931
6980
13512
8859
7633
19418
146
3427
1412
6413
7178
19316
14515
9593
16808
6
7511
9148
3244
2021
2552
19754
12308
19974
6672
7590
16305
6702
11226
7177
12869
17009
8729
2638
16070
4440
15791
1976
12619
12888
15318
6314
8431
13195
6800
1055
19612
11861
10568
13232
122
9250
1720
15215
11254
7717
4565
13445
11340
295
19461
16628
7309
11701
8055
8898
8601
4613
1685
9028
7180
9687
4163
12937
1388
5974
7868
18519
15071
5664
14233
2177
7934
1195
6638
8913
9642
12775
4074
16427
15196
2866
7327
9420
6862
2158
13548
9307
7222
7655
19279
15714
14861
11699
3354
3118
1660
7628
3002
12839
4382
4352
6945
8209
17611
8139
19632
13899
4388
5503
1425
9310
1936
12990
1426
8821
8494
11033
15328
12289
6316
4372
7071
18288
13357
19558
14486
3131
7140
4400
5588
19927
12599
14450
2335
9992
1756
10164
10324
5358
15104
3704
4734
18673
4896
15195
1356
19950
6036
1045
13728
2495
16890
13969
8689
4377
2373
12441
3599
13974
9309
7297
6669
7957
2398
8210
9284
8779
18726
8820
12400
17716
11941
11177
19273
19298
14767
8125
659
10965
1468
19337
4033
7511
9406
18285
95
19029
3336
12552
1196
6456
13752
5565
1015
3617
1030
14858
15168
674
5744
470
2758
16448
13593
2700
17621
18709
123
13947
9631
2023
1129
4837
9003
12606
14792
18451
3922
4986
10573
5474
3735
5839
15950
5550
12607
5888
18300
8751
12161
5747
10132
3598
2734
11076
16962
3679
1531
18951
17702
5759
11680
1124
1127
486
15671
6406
16641
19029
10689
14210
11692
7767
13379
8672
18634
8390
9559
11931
4019
10689
13923
6062
11387
36
8063
14494
4437
10705
11098
16526
10039
7482
3128
4763
10149
336
285
16307
17263
12578
10986
19703
15111
9369
11692
2474
19660
985
1221
9737
6926
15774
8922
8113
16097
8270
15401
18278
10760
6013
10147
3523
18154
11526
7440
15404
17159
7492
14812
9872
14405
19280
2560
15399
3421
5881
1185
19803
2410
19401
16710
8535
7236
2019
19258
15626
8496
8060
19453
15039
12947
17799
5025
8112
313
11644
4088
11073
19007
8581
10156
12954
14061
11849
4820
12134
2395
16778
12126
11162
17906
11685
10429
13299
170
18821
8588
4666
16734
18973
1808
744
8123
5747
3258
18985
15753
762
11385
14069
4822
9036
5288
5075
456
619
10180
12888
1992
11509
11077
2762
15319
1157
3973
11639
2793
10069
19470
18106
14241
11478
2483
1424
15234
16297
5965
14604
4846
17746
580
3726
14192
11993
962
6074
11648
19922
15000
367
7429
11428
10007
9170
3282
16753
11769
14091
1999
9173
6000
7221
13822
2523
3460
2403
12954
13867
9997
2461
3184
1373
13782
651
8544
2454
7060
9569
15006
19128
12093
9883
13968
11979
16142
17884
3551
17378
19073
14888
19321
6586
14530
1740
3478
8005
7952
4747
11872
7331
1551
4248
15580
2725
19135
10621
9375
12213
13262
17361
9619
17625
19148
18774
18210
1022
6521
9745
11421
14901
5128
10877
4126
7985
19136
5349
12235
3302
18502
1941
10866
13762
462
3018
311
3383
3713
19273
19798
14094
14814
18242
7654
9628
13219
18972
10967
10969
18928
7381
2788
17157
6548
11687
7917
2985
15762
12401
1826
18343
6244
13507
18711
631
6569
3568
8788
4010
17193
6265
9451
9290
10284
3968
244
13937
11614
7673
18498
10344
18186
7817
8516
5122
5396
10339
17263
4683
4645
6495
10923
17125
13547
8094
2954
16968
5477
4313
2133
5243
5051
18328
15712
1708
9724
15522
4581
4818
13234
12535
7395
7036
4957
9335
4938
511
17397
13571
2345
5036
6059
14193
8503
4048
16007
10634
351
502
14614
1424
1452
12636
5825
358
7351
4913
13089
6753
4906
17216
146
16880
1853
15250
16461
11626
13849
1410
19648
11817
13382
10932
13692
4939
8476
10816
8875
10560
1992
16570
18575
7272
12045
12168
369
5734
5983
18119
14709
10867
14902
4603
17599
15936
19813
4403
6653
9279
6763
8401
11202
12432
14262
8824
13796
1903
8984
16444
6634
19351
19360
8262
10765
6715
19272
11210
2800
9178
4268
5534
18601
1423
8743
2130
2197
14626
1188
4753
1824
5978
7863
2767
4447
13064
19102
7418
15762
15090
6999
18533
5665
18492
18056
4710
16428
613
15217
266
6745
15513
371
10541
14709
15321
13016
11554
13407
1658
8161
9604
6904
19191
12271
15958
3994
7776
4194
3346
5603
16249
10721
19516
6739
17091
16868
16032
7064
13396
8027
17720
1828
6670
6752
4254
1999
8674
19909
8306
3803
9659
5763
3690
15931
7641
9486
5664
17775
6292
15556
6334
10107
18555
4269
299
855
12215
19102
4417
12348
15587
9176
1469
17177
4265
11940
17502
16711
1023
911
15875
14838
3357
16100
1908
953
8791
19529
15297
3591
19800
78
1801
5225
10537
19283
5788
430
5177
4545
17428
6281
15666
12536
7689
17814
13224
5580
1014
12133
18983
7361
11966
12137
11751
7762
18874
5021
17978
5759
12282
18377
16826
8706
17209
15356
7408
7497
3062
10161
1253
17959
15773
9845
19140
1530
16566
5630
12107
3490
12722
19740
1662
9278
19020
18915
6637
13128
15244
291
6811
12443
71
16983
4670
18865
1251
4227
8265
9234
18569
7563
16546
3157
19724
12595
3121
19695
12275
2894
15120
1852
15029
329
16380
12367
5078
1951
11996
541
7461
2422
4733
5080
10833
486
16652
4594
4386
10432
18938
18808
11226
6808
2105
19393
18843
7203
18963
3301
13158
8428
2907
17091
19486
11469
1103
10399
16387
13855
15293
19344
13175
15622
13341
19702
6310
6165
15346
4852
13386
206
19379
7423
4326
19580
19939
5189
19024
6644
11192
14110
11781
11095
3597
1623
7215
8218
15096
10319
3202
6326
10455
5053
4910
19055
10726
8294
19083
17763
8480
8664
6833
16133
12851
10112
11849
15085
15535
1714
3071
2575
4919
1769
16920
13781
3290
5422
2275
5556
15803
1305
18733
8371
16716
17037
3608
1378
6197
8499
2352
7482
10016
10777
2506
5789
12370
15832
12363
14953
204
11906
6309
7050
7205
18109
18920
4081
1048
13056
5504
12083
18604
14612
12769
19043
11212
46
12746
13004
5950
50
16348
13639
12275
7939
18935
6790
13367
1144
3325
14280
11527
13563
2198
19921
18285
5915
12498
4121
14173
3050
13076
699
647
6218
19465
1738
5661
17466
9604
17580
11206
550
8423
11623
6559
7557
12794
11312
13577
7383
10041
19701
11572
7131
3581
3034
8533
11436
19409
13611
19802
6511
6269
1732
5520
762
9034
15305
6125
19751
7261
13208
12489
1578
1616
14082
8271
3785
15254
19688
3138
17322
13197
15429
8290
13567
7723
7671
9645
1345
4677
6656
1097
4851
9269
11885
9182
15641
18380
15999
11260
12765
8522
8791
4230
10615
4968
9218
9736
6463
4628
19098
12431
10397
3545
3810
16022
10002
12742
8162
6441
19476
2453
7330
18840
14080
14631
3253
12017
18568
14439
17081
12394
7147
10018
15834
10639
11480
5931
7240
12633
981
9498
17642
4002
8855
5255
191
4926
9863
5356
5410
5207
18836
3465
18367
8180
13265
8169
17651
17232
7181
3521
201
3725
4626
11011
15579
13990
315
12560
2983
15894
13287
2110
7960
15495
10001
16508
1769
13005
2474
11833
3147
3969
5571
12830
4873
19027
15290
18870
2092
1865
12463
17558
18354
10482
10570
705
13331
14246
16924
17889
6765
3818
2758
11586
18927
3483
5512
8593
13930
8928
5748
16349
18644
15410
3211
6969
15126
616
11686
11291
829
6733
8765
16652
12138
4547
8472
14239
16812
14841
14354
12149
14746
14352
19299
15621
8163
16429
3111
18895
987
18473
1435
8601
12321
15368
18704
15583
16381
18550
17677
669
6094
11814
3264
16475
5187
13209
14642
10507
18019
5858
2536
10993
2175
6857
6433
10001
12982
17224
10411
8950
338
15170
16663
7977
17019
19058
5487
13931
4799
1607
11959
4254
17771
19423
15511
3296
18538
1260
9549
12209
17353
7896
13269
1064
13311
11424
750
18215
19334
15447
12381
17900
13389
10783
1559
3139
13114
9450
18143
19651
9513
8836
10367
10649
16138
3059
8658
855
12343
4187
13223
984
8025
16742
19380
769
3413
19138
15147
4578
8122
18640
12341
4139
2134
13918
19206
3908
19399
5686
853
14803
18625
5455
855
12346
189
14306
14105
3570
5997
11217
19221
6037
7577
8042
10240
6052
1337
4776
19883
13933
7565
13806
11824
5777
14448
3081
2819
5066
13690
6622
3586
2942
9517
9429
10827
14505
19849
13918
1868
12769
1639
16025
19682
8234
3789
6368
10245
10267
922
19883
5333
14145
12962
19819
9696
18599
17007
9367
18283
2263
16812
19000
15770
5180
10334
14552
705
2145
4710
3474
13552
16889
18268
860
8723
6489
8872
18755
14822
1917
3846
15656
11627
13979
15297
18101
19162
13401
2524
15571
8234
9885
18879
9521
18083
4383
14473
15091
14901
6132
7318
5456
8412
19357
6013
5143
4691
7539
1447
14162
5302
7977
15500
10490
13472
3427
18304
7229
11958
15910
2145
9805
7245
2611
11121
7892
16636
1556
15543
11188
15234
13209
4777
7846
12465
6683
17737
774
7874
4878
10015
249
4090
15583
18892
9065
12322
101
17584
7113
16233
1471
19229
1230
7624
15293
17997
17799
7051
8083
14684
3863
11870
11954
12323
19400
11483
12387
8653
579
14279
14064
8684
16365
6473
16930
12305
6599
6988
194
12825
5919
12122
15453
5564
5985
144
10628
16509
9429
14091
1406
546
2841
16223
6462
15440
18698
5518
18377
5010
13659
4655
44
9882
18049
4032
1076
9692
10227
8044
6643
18601
13149
2260
1215
11318
6352
11685
10873
12044
5406
14056
19990
3280
5078
13953
6956
10713
18991
1096
17949
14951
17997
2010
875
2794
18511
17466
14839
18040
10703
10625
13050
935
6264
7430
12843
17727
15247
16292
13029
11194
4877
7811
16984
4515
6812
2292
19762
1980
13952
17736
12650
5678
7735
10395
4448
6316
18722
11921
3394
622
18194
13268
8603
8099
5792
5480
7855
655
11153
18210
7740
7314
2041
16455
3746
5201
12177
7060
3455
16193
6521
2459
11136
17016
6631
18122
17477
19755
7670
2362
5394
1133
3236
3578
10449
3868
16610
11690
13430
10376
3085
11683
9964
14059
16187
1206
3980
13479
5037
18146
3508
17868
14910
3432
11710
13889
11862
6335
18089
13564
10801
10254
10922
14272
4298
4364
4801
10695
12964
12904
17443
16401
15141
10470
3419
7571
16003
7414
19923
13028
12156
6506
7214
10020
9112
11464
9139
1725
9734
6313
4193
15293
11608
7311
19386
6560
15195
13671
9713
16674
16543
17861
18576
12347
7129
7299
4135
5768
3699
3847
4205
2722
17356
10618
9955
3919
1354
1022
15175
8058
7743
18517
112
9310
14164
5008
486
5192
14871
11767
12768
14963
9244
10787
9948
19966
9098
4456
17117
1443
10436
18431
6436
18256
7545
15485
15736
7946
14171
8319
12022
12580
9245
7655
7585
11729
3904
13693
19533
2804
8685
8484
8285
15945
10957
12079
17173
16095
13566
9287
8410
2503
17881
15564
13952
11368
10933
2667
4529
2251
6865
2080
1021
2914
13896
17339
5817
5515
8886
15995
17471
12879
6498
5004
12726
804
3978
16137
13588
6654
4629
3911
2868
11922
17062
13005
13086
4115
4761
1773
3596
2561
13332
2192
13526
14657
14045
19296
16188
11818
2020
8662
9386
13680
4780
2437
9674
7593
14685
3888
4770
6633
18996
117
2999
12989
7639
15428
8601
8487
16618
6204
7523
8724
12868
3264
688
19822
12676
14957
10855
4604
9058
7505
7794
18851
2386
17183
2252
10081
11167
1718
19626
14167
18232
161
9319
18302
5247
15297
6607
17513
12009
6260
12694
16412
19326
827
11989
11727
17461
10093
2644
15267
513
13536
6397
15589
8868
13667
2211
17897
19825
17658
11396
3665
11844
18634
17766
17536
13725
15100
14514
17634
17888
15036
7549
7703
15339
11195
13654
10069
17060
12820
16510
5940
19030
3408
12229
12424
6500
14597
8710
7242
18677
12002
664
14851
18456
11322
6222
247
15250
13687
19386
7436
15844
13579
15894
9465
17530
3823
18074
421
17420
5085
77
427
7594
2796
15002
15667
19809
6131
8667
18102
15407
10850
3227
18488
3749
1499
12229
14724
11505
18984
15161
2472
4795
6401
7979
9763
6363
7779
16206
1501
16031
6847
4147
14729
18062
1358
19083
10748
1484
14589
12864
1861
16571
12555
11282
19770
5225
4288
848
1431
2646
13018
11299
6760
5093
12598
3409
7140
18533
2958
6336
11660
18609
4891
18012
16002
3170
3754
15810
18176
3002
2674
5073
9004
14254
501
10221
11696
17018
68
100
14497
16526
11493
8908
1528
8169
5647
11028
2016
9425
18923
6178
53
17588
8824
7158
9243
8159
7965
14350
752
9934
4542
5734
19812
11824
14418
10355
19607
15689
9726
12897
19294
19248
15232
4880
12006
1354
7868
19470
409
4182
15109
14796
13080
13173
11520
3321
5311
16404
15071
18573
3150
13968
10338
19100
4271
6618
17957
14779
10492
2073
12174
5667
3423
6654
17684
18731
7325
937
10217
12127
113
9306
6262
15096
17336
13637
4149
4811
15235
941
5333
17584
7393
3076
13069
18925
4689
6441
5882
7402
14298
4685
17898
9775
14722
16112
793
13089
13685
16684
2483
19435
5298
10795
14938
16973
12823
10754
19437
6842
5460
14584
19428
1988
5244
10735
18694
9176
12163
19861
3877
17024
17463
5776
2848
19101
14147
10767
5981
6279
3323
3896
4676
9046
16697
1875
17708
10575
5443
8445
3439
5879
19760
12917
13803
7750
13626
11957
17569
17061
17186
17704
8486
17772
19703
19575
10166
9465
6105
12671
264
9784
19515
17771
4322
18940
11643
19227
7735
13301
15882
11157
17643
12072
88
18183
11751
8885
9428
17590
6143
12481
1669
3365
14138
15229
9104
3567
2879
17149
468
12128
9352
7232
663
14010
15769
11268
4883
15113
9179
15582
5084
622
10725
5358
19953
9546
8905
10909
8397
13375
10460
12133
10689
19405
9937
4281
5788
19084
7789
12628
12388
13036
10210
8839
18296
6100
19170
10003
10199
10522
4962
270
19039
3887
1625
16679
10766
15832
638
5908
4463
2874
4321
8223
6357
10951
14638
19949
1067
6552
9772
16152
19052
16894
8050
19511
7528
9460
19752
14116
11875
5184
17517
11086
11763
15932
339
15701
1137
13781
6522
708
5930
2879
4120
2857
13319
11019
18235
11062
13201
476
10916
7322
10612
2349
2233
19918
16481
16361
14144
221
726
2494
12244
7100
18562
3750
11122
9796
770
7325
7329
4450
164
5770
10087
1470
19095
17119
8961
16397
9497
17636
10868
10760
13482
11053
16245
5423
16483
12679
10699
2543
8786
8381
5957
1168
2388
12532
14362
14767
9819
17632
11045
1094
13993
11093
12297
8216
15221
7342
7360
1588
11801
11320
926
2307
3106
2262
4152
16952
18300
5799
10512
18196
14760
7782
17538
12562
19574
3115
15642
363
18235
11169
14846
13266
16532
17815
4115
13520
2191
14861
17544
4600
17531
6146
6897
4956
18770
13832
1577
7348
6637
17662
15425
9817
17120
13000
19091
2457
11934
3664
17681
19353
17755
9706
4807
3784
12149
1627
14824
3997
16106
16070
13453
7679
4468
17470
10088
11836
17879
9753
2914
18160
9170
8677
17845
9831
8777
1951
6826
529
19389
17029
8947
18108
11975
3245
3948
19077
8937
15431
8630
4658
16010
9944
7068
6963
7422
14693
3951
13168
13615
1866
17604
16396
2723
19903
7834
7366
17280
10595
3604
13509
17475
7505
18238
14911
10766
19340
1500
7665
8392
19662
2097
14593
10375
6126
11202
9310
2538
19315
11710
4535
1439
19030
10409
15425
16069
7343
7452
7022
5778
18494
671
9502
10213
11520
8118
18494
18376
4171
17473
125
1292
10490
15294
969
2832
5679
4599
17588
8765
942
4752
9848
11959
2285
499
13884
5308
13110
15476
12481
9254
4107
19792
12652
149
3150
8080
12688
1543
10518
16535
2551
18289
9779
17741
14965
11386
4897
18808
16346
13971
2524
8452
15502
3663
19069
16359
5993
7486
18321
14690
16466
16305
7340
14208
11134
10439
5237
10479
9769
6112
2509
5029
2167
15181
4897
87
6699
19230
8460
8879
9447
7528
8615
19764
19152
10545
11095
14408
19185
2037
2372
2116
12398
10625
16099
508
5705
6705
15686
5578
8932
19197
3681
8963
11485
2958
13511
3480
1359
19444
10799
8821
6033
16502
3181
10017
11670
1165
446
16718
17991
11171
2682
17016
17628
2376
555
2391
6454
19784
3381
11925
4697
13088
12357
3881
14921
12987
13733
15842
17405
6409
491
14692
16288
9806
9440
263
10304
10258
13793
567
9725
17110
13661
15650
8308
18330
7455
6934
4860
18732
1095
14112
10242
2027
1825
16961
2161
11199
19505
1067
9093
15545
15833
10609
13607
18837
837
16215
15508
9437
6035
381
13080
19090
9842
9914
4627
14874
1526
12543
12574
7233
7781
19306
5808
11920
7380
8807
18329
19577
2533
2101
16241
4599
7938
3339
14314
2495
14650
4072
16764
2638
18092
12323
17623
6600
17140
17359
7917
3858
5947
19798
1918
14385
7056
12868
8765
10103
9213
1993
17394
7533
365
18919
17067
17400
9614
12345
226
8929
9833
5170
859
787
13290
12359
10622
15509
1181
2669
1859
18969
8407
16059
374
3947
2382
14403
14495
4355
9471
8001
10393
19045
4668
5596
19958
5285
3450
11710
12591
7768
13311
13730
3079
17110
17793
11718
11650
14174
15825
9137
15124
14923
15770
19947
10172
11441
14549
13029
14442
15930
14443
13270
9909
806
15388
4467
8867
6641
15235
4256
18360
14579
3969
7075
4845
15254
2307
6862
13076
17703
3958
19353
12298
8161
4123
8215
12809
6488
6083
10441
8085
14630
19293
9133
9818
13288
11580
891
7703
2582
1497
9460
9617
312
1890
5123
13883
16859
162
10014
17915
5852
1394
8940
6186
16011
91
14132
8109
10261
15688
18406
10818
10969
4403
5984
5319
15799
9104
2646
9348
17817
16872
15875
1932
15862
15270
8050
9927
19657
17392
16689
17566
13050
8413
6499
14283
9707
15779
7097
3009
7975
14017
11243
9109
17627
3477
1127
11934
10291
15608
3820
9066
1203
17152
13245
6222
312
7860
9252
6754
11183
590
6333
12190
12805
9740
8054
17352
10094
6722
6825
4247
19637
1931
19693
5056
18041
4979
8948
18593
11319
1621
2437
1694
11170
16202
19001
5142
4099
18643
4812
9677
13995
933
1482
10116
8188
19881
4959
4931
5579
9708
8924
19159
8279
1568
4305
10831
9427
5126
1237
12047
17669
1116
12078
6979
3077
5852
11680
14590
13688
6126
14731
7695
4879
11387
19741
19636
7235
12998
10276
19183
12540
1561
16892
4927
10806
13506
4646
2949
12644
18984
5147
4982
5064
3419
4220
3175
7527
18011
19536
17365
2472
11668
5459
12933
501
12495
332
18914
18310
9837
13677
15088
8944
11617
18189
7466
18828
14095
9986
10856
16713
4678
17926
13514
17552
10133
10911
8222
3346
4027
12599
10753
17862
17698
4107
14503
4217
13439
538
9144
2302
317
11688
8123
18326
2002
3345
17082
9428
13754
1022
17573
14446
9014
10959
13702
15380
13131
12592
4160
8120
17681
4689
2132
914
645
3658
8873
1035
3665
12496
17311
19390
7434
17822
5889
481
1576
2394
11134
17680
12571
17797
16372
1359
14586
14859
14758
12613
12325
7479
13286
6147
19530
8765
15244
2541
4437
10658
3212
6661
18166
3331
16085
18249
9147
477
4341
14015
17617
8850
8606
8145
6816
14435
2998
8495
1663
7859
6988
16545
16313
7491
16431
7533
11096
18830
7126
19899
15029
15028
13099
9273
18826
6148
9497
11604
17545
8999
9485
17283
7234
15437
14970
12010
12277
15090
4865
6429
12958
18277
6578
17624
5657
8803
8265
8373
10709
4760
3263
5929
10466
10586
5553
1191
14324
11298
6495
13995
531
9488
5706
13878
17457
10965
8760
4823
18080
12099
17994
7791
10414
8389
17878
9314
11114
2952
5811
1994
300
6593
19690
13782
2627
1378
15129
19682
15353
5789
13470
12995
10311
19922
16317
17500
10836
26
7871
11639
14571
2837
10041
12452
19040
1229
13048
12151
14985
14009
10622
16230
11188
7804
5934
9014
17465
9150
662
1536
4799
2593
11677
13084
17202
17438
1497
7938
883
18473
14788
18856
10538
11345
602
14000
17037
19813
3616
6480
17695
1101
19670
7217
5341
15018
12854
8532
19822
7259
3767
11570
1580
1756
8858
451
17204
18251
18357
8862
11746
5320
7589
2077
2439
19937
18069
11548
5288
7205
3604
18823
4908
9275
6148
13548
11992
19825
5387
5410
2404
8589
4369
15291
2591
3424
1758
5364
6236
610
1827
3255
15281
7082
13588
12713
11143
2167
2991
7083
11304
18062
12687
13880
12582
2405
5774
10028
14283
15998
17028
6812
2661
13675
18821
7984
12019
3012
5641
13453
5913
12695
3779
6173
6203
11020
10696
4589
16410
7527
19643
19935
17597
10785
10637
956
18066
8483
12398
1460
1397
6288
19138
6732
15689
7873
19986
14055
6323
19738
16690
1732
1518
13350
19121
3063
9866
4525
15411
2124
3383
19361
7925
9221
7143
11433
14784
9624
2252
867
12326
17806
12354
2622
8847
9976
6321
15281
11231
7662
13671
15978
11668
2591
12591
7242
19323
9609
14698
3932
17580
4005
19156
9070
15966
937
17793
4909
7530
6048
3726
10056
14081
12689
16776
8146
7276
5622
10680
830
7417
11462
19256
11307
17196
14618
11568
4750
4512
12671
2689
19705
7302
11960
12809
16605
17628
10129
11079
14445
15291
14571
16370
12304
8672
2091
7386
16176
9781
4004
2103
1410
19249
4513
3824
9794
4176
18280
17410
3591
19901
12049
5705
3040
17959
9761
14736
15937
2067
9272
14186
14757
8977
4633
18165
6591
6464
18226
9373
14250
5219
1189
19631
10345
6677
1331
4046
13305
19449
12999
5073
629
17751
13185
644
16964
3656
3861
10657
15790
19413
14912
3796
2405
10175
16214
3300
16789
17214
18828
10674
19937
15459
16102
1334
6168
643
3368
19053
8531
7210
9518
10412
2599
12740
10770
1464
8707
234
3612
12135
2423
15422
18020
16254
1005
19001
14118
14442
16463
14727
3940
9835
547
13028
17403
1370
17266
939
3345
14651
2427
2960
4624
19262
16449
9531
3368
9057
6863
19969
6414
9463
9806
2654
1054
18758
8175
19793
16710
14977
15466
14915
6132
518
2152
19950
14599
14528
8990
16375
748
18609
19599
7135
19263
6205
7504
11100
10935
11420
482
2140
19678
13049
1329
8263
6408
12260
17676
15527
16162
16142
18400
2731
2663
18883
11235
11943
15057
3040
9594
15713
2466
1170
851
5306
55
15757
8988
6284
13121
12705
9834
642
5968
2438
14091
6646
15922
4409
9224
2839
15124
282
12551
3144
5529
19421
18502
7961
4081
5238
10680
10505
13754
11943
11609
4044
3185
18718
5140
18477
11894
6888
4083
4115
14772
5009
16968
6780
4170
4245
9718
2158
8439
18104
4679
16886
13150
15001
17056
323
8758
6149
19237
7097
10758
1755
16242
16242
13434
2279
15161
9308
79
1098
8931
13815
9178
14291
8244
15166
11754
19930
12872
607
12177
11798
9741
3033
19879
17881
9147
6711
7334
18475
9851
3400
19274
17465
9256
12890
1554
9291
15954
8061
17470
16383
5643
12282
1104
10451
1990
15451
4965
19845
7294
2440
12364
13009
3752
2576
6272
6425
19374
17050
4009
17168
5724
2406
7191
11398
1920
11453
3084
18237
9237
10024
3601
15990
11250
7385
10777
13433
14007
11734
7085
4162
8768
3864
9729
2292
4492
15474
19376
974
16765
13607
7129
3691
7035
13842
15653
6028
3373
15007
16877
16650
2716
19740
18446
7479
15274
1491
16662
696
4089
1318
6967
164
2454
3866
16029
3734
7885
2186
4398
2641
11444
16498
18264
16145
11856
17828
3822
5064
6807
7339
10767
9225
10301
15822
19411
17149
4120
563
1127
3978
17055
17143
9500
18836
1725
10032
3585
6731
12074
16334
3711
8378
18441
10330
14674
13611
4655
13788
16386
16867
11445
7903
18275
3353
18310
19895
9281
5566
2133
19611
419
10776
1768
9649
897
15294
17930
7676
4853
19090
2291
15013
2271
19767
13110
19618
14684
3182
12835
14820
13486
16022
19693
10479
10391
10155
18137
10794
11092
3005
5112
4469
1721
4206
9026
1000
19731
16652
3353
12308
15806
9245
1258
11119
19077
15049
4794
15650
19905
6464
15796
6120
7420
2229
5305
10745
8163
12653
15464
3614
15257
17246
11204
2713
6198
12501
19258
8505
14188
957
12681
15935
19372
4495
13061
8963
6730
10682
6919
19761
14312
10874
867
18555
16270
8747
14588
19490
2803
13350
12699
7319
4564
8881
10912
361
4463
8971
17333
13810
14512
8315
18124
3018
12775
9206
1819
9923
790
2302
10204
578
12229
18133
68
12962
16820
8505
7814
14159
1450
12692
713
3226
1345
7041
16310
17863
7327
1067
6179
141
4341
15605
1611
17959
17643
3688
5737
6631
19134
7357
9893
19954
19703
6427
12797
9245
14068
18789
3235
17845
2116
14705
4046
9771
17561
7135
10163
17900
17446
12072
8055
12319
16143
18130
11943
19207
12501
16378
9868
18846
13578
9806
2025
4550
19086
17585
4779
4696
536
2056
2883
16909
2896
12340
3938
15302
12491
12923
8824
6080
352
17998
12212
7235
11103
7146
10045
12452
8687
19548
16259
10524
12120
3491
10048
7862
12535
18124
16788
4076
12595
16201
18610
985
10525
12351
1306
7116
2870
18651
4334
7852
11907
4577
6777
17909
3372
188
4499
13422
18465
818
9304
10165
7267
8219
5832
9690
10621
8899
162
12665
17289
11191
13132
1835
376
19398
15154
7363
13965
15027
10276
14304
986
1808
16221
5208
9114
14588
14315
1555
13621
4200
19125
18890
14580
13513
10547
16143
14674
6679
11466
3711
5356
200
18800
560
19337
14985
5087
8034
15474
15220
6905
19840
6819
15685
2084
6516
4385
5774
8146
19265
1346
1247
19677
14099
14555
67
11507
13032
7395
10706
17941
18878
4704
6
2142
2116
2279
13936
141
628
7046
16935
802
1507
14551
10479
16861
3396
4168
17781
2796
11770
10137
6027
14072
12535
4778
12609
1640
67
5755
16644
4772
8013
10534
9152
10754
1956
19360
2488
9901
7454
15703
14993
13860
5230
3453
14404
14876
72
18710
12089
18316
4621
19247
16838
12572
10671
5547
8422
2380
170
12575
6257
7806
17702
3688
2667
18073
7595
15901
4776
3646
3842
12812
10759
12742
2752
8708
18668
6938
4625
15823
18066
7150
17452
14245
6709
17708
18083
10244
13301
15669
16075
4870
7488
16258
10080
14986
14260
7859
17662
6399
10532
6303
6433
774
3526
12469
730
15972
3381
12779
16162
4186
19264
16359
1598
9827
5816
2078
17438
14790
17730
11985
639
12611
13158
3736
16240
14415
11518
2602
9227
16300
12202
727
4082
13536
16387
8003
475
764
18598
12693
1047
2773
10434
19555
18436
11315
2818
6663
17612
6413
17024
3187
14308
19712
2129
19900
3995
12948
7081
16924
2920
9912
3294
14186
7282
381
13272
8929
6565
12765
2690
15965
4768
3444
7973
11406
11218
17568
19054
15301
6470
6576
19662
8695
7984
10786
3313
13712
14507
13833
11116
7686
16732
8054
12968
13432
6142
15505
2151
4479
2865
791
18881
1327
4845
8841
13021
12314
1374
13409
15778
46
2691
15406
11025
7447
19497
14781
16252
8914
5681
14549
59
13270
8103
11157
16427
10304
5064
4727
929
14291
12471
12659
12996
8467
15544
4254
12729
19246
10569
18959
158
6901
140
6385
3471
10075
18593
19534
7346
7426
9801
3960
10833
15278
12330
11681
306
4472
3181
18359
10604
2136
19010
13902
11383
12798
13670
15041
8663
3881
19997
6597
5736
8142
8747
4086
2169
1234
10743
11014
3942
5594
17563
16112
13089
6219
9639
7061
6836
4448
16740
14088
10670
616
1970
13392
13975
12096
13694
4709
10172
17287
14945
9801
13131
19461
10180
18705
3344
4287
4345
3878
3880
19684
16557
3455
2610
1577
14733
1668
384
18823
14351
9510
327
2445
2320
19886
3980
19567
5637
18106
7031
6667
3235
17582
3917
14887
9846
18265
14956
11146
8584
14069
15710
17253
16425
15172
17583
11167
11381
15266
12377
9806
19859
9543
13526
9398
11980
8621
4952
11108
6161
4211
13110
4205
5967
54
6211
15630
14845
10024
15998
11210
10542
7260
18502
1205
14068
2688
10329
15311
16566
893
12053
2971
16938
7274
19410
731
4294
16192
7013
17482
13268
4695
2073
13913
8664
12759
5498
13255
15726
8772
9387
3218
6687
11072
8935
12571
13658
8468
19448
76
15234
14508
18121
1254
19332
3181
9560
15073
11348
230
3925
8387
7990
13881
5953
18930
363
13780
11983
2522
10377
11103
19543
5597
3338
18995
18999
5046
15039
3055
6164
3799
15651
2292
14158
10922
15599
4542
18231
12569
19200
845
18886
9369
11821
17229
10613
1480
19640
19422
12096
13038
1733
9934
14185
13673
3425
16103
3366
5337
2686
1832
5158
14872
1158
3540
18875
620
11506
14676
11302
12364
5498
3472
14267
1060
11949
17393
3588
4736
3203
11003
2782
13111
2134
18269
2408
19781
5069
10416
4620
4956
12015
15008
9010
1166
6380
5847
2297
18433
11432
11617
2841
17839
11100
13301
17784
2382
15457
10880
12576
2275
1255
991
15417
6544
6659
9013
13543
10986
3818
14735
13173
5100
18854
8257
11437
4296
15670
15364
15775
17519
14831
4689
12896
3655
13584
14059
11268
5085
16317
8518
16603
4319
5636
1648
11235
2754
10433
14464
13905
10308
11469
6603
11099
5637
12146
4768
16808
6137
12015
888
1797
6482
1960
3694
12616
4073
5609
17812
16584
18992
14419
11439
759
11309
9181
13044
3081
8349
19571
14554
5098
813
186
10217
6988
14059
16566
3152
10831
18897
18346
1823
12964
19114
4733
1663
19270
272
2280
14005
8304
6173
14069
8739
3341
1026
3965
1148
17974
17893
15445
9508
2190
9957
15943
1978
1389
17639
17783
19560
4385
7107
9655
2466
3150
11959
14907
11204
18594
2930
4528
12523
9733
16252
10553
16954
12718
2622
17324
14899
7319
7075
3687
18894
17873
11674
14079
8827
10637
13959
13517
13310
17511
8106
12499
7071
13296
15367
8665
9221
11978
9040
17320
1826
13532
18829
14009
5954
17363
14685
586
9696
3226
11640
9027
17064
19862
14511
9713
18034
3023
266
3871
17211
11904
10170
19940
8081
13080
7542
14229
752
12292
12326
7143
1237
9133
8629
8858
13009
16312
1299
1596
11524
5628
14073
3938
17698
14640
10951
3618
11352
19349
16629
13270
15772
3468
14442
19132
11539
522
13657
11009
16624
4495
6671
2403
18810
18148
9647
2404
4661
5896
15477
5348
4700
3000
1744
9281
6847
5414
14603
8597
12795
11674
1230
17784
2208
11633
6276
11837
6234
8989
1404
14421
9836
9294
5100
11127
10190
18658
18539
11995
15039
14842
18805
18587
1624
9752
6657
1582
18198
16857
7849
10525
4495
13809
5820
14170
17997
11383
5126
2571
4585
12755
4560
17038
14696
17386
16736
19011
10656
3913
4127
4936
19821
11370
11533
143
17011
12971
8395
19864
3425
11770
2280
17344
1128
7797
13372
10770
12194
14506
8091
7315
14425
3113
8422
13039
8512
15437
8110
14965
2310
15683
12242
11337
3005
9232
10682
7313
10004
7088
4909
827
17621
10625
390
15876
17105
1672
19174
8422
6845
15505
1583
4452
6945
4020
6727
7543
16240
398
924
10120
17277
15424
16044
15310
14032
7049
16646
13837
9178
14894
8786
8684
12042
16106
8176
7744
8615
13435
9143
17339
12059
14670
12951
10906
16394
6344
19488
17242
14355
10057
17586
2290
11703
8092
9607
2847
11564
1166
17473
15734
13745
13618
289
12880
11610
10372
18068
14823
15375
11590
1544
11369
19700
19699
16270
1235
8281
5025
12433
10656
7879
4677
9105
6049
17502
16915
15913
9094
7743
16795
19781
2897
899
9382
1348
11672
8942
18812
18851
9440
12755
6914
12457
2705
5704
4038
6777
13696
19143
11647
3954
5382
14387
6757
17847
9783
6182
10172
11665
12229
19300
4521
14323
5244
15487
9839
12642
1220
5982
11548
14686
8205
17169
12864
8782
6558
13159
17220
2198
9105
2884
2893
16453
13051
4230
377
17317
15660
7103
5032
11823
12887
17031
17603
11166
10707
2172
13903
15556
16059
19185
10992
18734
16559
19575
7283
10961
4513
384
12351
11228
12967
14103
5947
17814
11831
16258
9895
16538
6837
14761
15927
8779
62
15770
16885
15962
5452
18543
3407
125
1574
19392
4542
9600
3172
6691
8625
19593
10462
3839
12176
19723
13397
11102
5157
7459
10571
19763
3425
14750
12671
12589
8874
17939
11222
8217
7308
5718
597
10938
5242
14635
12774
373
899
5827
12793
4527
9127
4828
8490
4994
16437
17740
17368
11858
10890
7721
15358
19844
9923
10871
17469
6386
132
10524
8279
15393
10698
2550
3109
18690
7340
19934
19402
19386
19773
9818
4108
3415
14228
2462
92
14189
15533
16902
13876
13613
16675
2864
15523
11491
3662
16422
7351
18305
2832
7734
10961
17730
18698
9181
8827
868
8582
17264
1513
19716
3223
9444
7229
19358
3549
1496
8493
6865
5337
8484
1817
4388
6870
9875
2090
18380
3815
18579
15102
18078
19476
5591
17876
13611
342
9204
2901
17837
17293
15827
7810
7163
12117
2710
6805
2000
13685
1615
9904
1325
19570
18901
19192
3638
19754
1092
19451
16057
3391
10479
15638
12472
9220
944
19607
3569
19007
2687
19655
13318
11469
13358
2696
9885
4714
9819
2646
14177
18158
18660
18429
5080
1373
19627
15997
19510
9734
1332
14308
11734
7407
14892
6705
2330
16062
19491
1308
16871
1407
15342
4540
3789
12169
5312
19281
9143
3814
8220
1730
13943
2214
9799
17286
1507
19194
14178
5866
5508
16434
1244
5964
15655
1227
8724
17151
956
5064
2536
11898
13312
18163
15674
10954
12727
11779
13157
1934
19507
18063
9500
4188
7108
5714
4684
17797
452
11485
17929
216
8680
3873
6452
11109
13746
6574
12453
10875
11163
19252
976
19986
6590
6386
16866
435
7900
2595
8692
19443
6784
8306
1811
8321
7835
10712
6811
14946
17698
836
10918
2516
14168
6223
2293
19588
7165
3762
2255
3927
2415
16592
263
11660
6191
1590
18806
13454
4156
4466
1178
2432
7964
17048
437
11556
6520
15352
18915
218
9520
18773
11063
2212
552
12547
11667
5958
13639
17934
8846
3765
12860
8474
3657
11446
712
13196
8604
8696
1356
15532
18338
17255
1070
9366
15672
9956
18279
8835
10761
7541
8026
11908
11770
15038
824
8556
15393
23
12743
18356
18309
1340
4498
2145
17278
14482
14250
4538
7598
11577
2194
4066
16383
2293
12644
2594
12313
17770
1514
13648
5778
18775
9943
14968
15838
15402
4583
15182
5013
19903
10015
10588
18115
9853
16823
2918
19138
998
623
19908
19176
323
19715
14048
8388
10785
14830
12033
10116
8114
2699
13194
11971
5599
1987
640
12688
9504
10371
10177
7046
19640
12773
17392
7941
9517
13003
15224
4644
19051
5458
6859
18706
14214
5154
2835
18468
19160
5742
9241
1711
10142
2496
15937
1150
7891
1432
12183
333
3909
11837
17112
4428
3312
7383
11067
6381
18544
10120
9467
16684
15878
1061
5665
16391
3902
17332
13337
2067
19609
16674
2031
4144
12192
4157
14056
17670
8572
12184
5826
603
4063
8972
15851
15842
13445
16488
136
16466
4203
9257
15095
8807
1722
14414
3021
9938
14753
7024
4717
10331
3526
18877
18615
19603
89
13277
16996
14233
2965
7426
1736
11870
14534
13215
4167
17863
8313
19034
15758
18322
6789
832
18953
1773
9877
7066
14536
2356
3682
17083
9990
13918
4988
13205
8414
16359
13853
11579
10258
1543
4472
7162
9349
11833
10809
729
13716
327
18246
9867
14246
1396
9374
9849
11652
2285
14560
5671
14562
15615
7389
19150
12208
4088
13940
12684
7557
12351
6172
4425
14189
19698
6560
16701
10270
13581
8443
4553
12378
4227
15276
16161
6512
17341
17245
13306
15431
2701
16264
14144
18801
15490
7147
13160
4099
11177
4639
15186
5334
13343
13349
5133
7350
12478
6228
5339
9179
19712
10683
1391
5772
16654
17416
10314
7163
18975
4555
3773
19194
7709
5140
16097
7915
5835
2707
627
5466
1258
14013
8554
2067
13335
4735
2189
2227
19844
6476
1297
15126
4329
15221
7501
6411
8638
7326
1191
16122
16749
543
15313
4422
162
5009
13808
10002
15950
17831
13773
10671
5953
187
6092
12998
10090
14461
18657
1388
7083
16116
8293
7640
8725
3688
13775
9956
11658
5841
17360
2527
8000
18066
3389
6599
10700
13515
10739
17297
1689
2833
2199
14642
8842
1490
7132
12792
949
12821
4213
15555
5853
5897
13429
19343
7340
14179
10620
11628
2139
5410
7358
10989
6617
6262
5804
5328
6714
18171
10552
6705
3228
9963
7563
10625
16073
11174
2183
6281
13437
10525
13655
18045
4995
16455
3391
8622
2262
7480
4534
14612
912
14098
17982
12837
5973
4012
4885
711
6383
7115
17415
8000
14871
8949
3981
11366
2067
11471
15522
16759
5185
16783
7579
10226
6436
496
1367
1398
948
3467
15292
2962
11680
9532
7584
9033
3211
12960
19293
7822
2219
18153
4786
14042
5534
4562
9640
11634
11420
10247
16122
16328
15976
5874
3835
1184
15135
15586
16473
11461
12185
15937
1222
19772
13281
12724
5952
19845
13101
9175
8444
13365
7029
4469
1860
16248
9665
19624
15306
2076
1916
8562
16614
4194
13122
13741
11888
2468
18519
12270
5512
16450
12778
14019
718
14764
4720
9179
5315
10405
14384
1927
7294
6742
12298
4168
9297
13092
11743
17169
12585
6980
18242
10573
18287
19060
7878
19328
4868
5217
12628
14408
11446
7389
5860
15475
17800
19366
5061
18029
11549
13801
9778
4709
6892
11698
7933
18139
8846
11810
1882
18635
6767
11541
19935
1642
14734
15099
14227
10044
3493
16866
900
16128
17035
11534
2692
4419
3945
16357
689
17900
14873
485
17173
14006
3513
559
10532
3180
18987
15467
3269
5049
6081
2059
9506
8157
7681
11962
8518
19061
16977
6074
2238
12186
5789
19796
9597
17428
8646
6991
76
5528
15791
17776
2267
9864
19502
3304
19632
15042
16998
4843
14524
6418
18960
13930
8274
1812
10825
10237
15314
1386
2074
6856
13850
6327
424
6061
10498
19212
7878
19170
574
3239
6628
17509
18808
3101
3071
18655
5942
18287
8873
749
9881
7752
17794
5642
10653
12132
2544
10498
14761
15781
8370
8365
5153
13995
490
16254
12221
15227
11944
2948
5972
18898
17906
9342
8233
9
19847
15309
11148
15824
14339
16514
14351
17358
3910
434
18236
9118
16103
11624
3617
17362
1732
18403
10160
10561
8389
12379
17625
13946
13864
7510
13696
9139
15825
19154
17497
14326
18786
10845
5915
5224
5385
2340
14233
10599
8243
3105
8286
16232
9600
6542
13629
6575
10889
18906
17966
12859
697
12597
10334
1226
5983
17599
8576
4247
18107
11429
1282
18938
8603
15823
6220
15136
235
7844
1483
1098
3923
12331
17449
14919
3871
7671
17689
13384
17581
8551
17244
8006
12715
1322
1774
763
5058
3556
12735
11456
16704
15388
3629
28
606
13111
11475
6470
2777
3918
15137
19344
14212
13549
17977
5580
6811
4684
12684
16142
14039
2399
3699
15915
17643
13021
14798
18244
16798
19779
4216
9084
18313
12170
2895
19672
545
6390
5663
12617
2407
9117
11317
16878
6250
4542
7815
15938
4071
14686
8918
15362
14517
15492
4298
8383
16283
8411
12049
13397
14425
9390
108
11590
5624
528
6555
11442
19588
8142
9577
4824
15181
4315
1605
10735
9303
9449
4767
19963
662
12546
586
10714
5630
16422
18407
5103
3423
3669
15258
10223
7636
3895
3808
11405
16063
8812
3146
14123
10854
2020
12995
9889
17144
8817
1135
1570
13703
12856
15943
19803
16225
10431
13963
10587
6042
2961
5034
8933
18239
19400
4746
14322
1463
8340
11914
1856
259
2291
8092
1890
14983
3560
3645
7377
19840
18716
19680
10662
17106
18217
16192
19759
15048
2170
13685
16374
13221
17187
3888
3418
7147
19368
1775
9744
16700
7887
19702
17091
4104
10150
10877
19277
416
19591
14471
12162
12680
11401
6227
15796
12929
5085
2496
19479
12597
1479
19507
11050
6835
9052
1579
11809
1555
6898
11280
15184
14974
19242
6018
8676
3753
15685
6302
15624
18465
6309
9734
17071
5988
174
12998
1456
11588
3879
15441
6655
9745
1090
10588
3787
8976
14334
19505
19120
11505
14699
10848
7799
17902
10530
782
15639
17591
290
5986
19643
10036
1189
3396
3312
5486
1746
16980
57
12323
1723
11832
15828
19365
3148
12636
18933
14458
3725
5712
1158
1738
15036
19583
9124
3920
17072
10301
6837
11856
5347
9011
12435
12897
16041
6399
6408
851
17427
310
17415
4990
17116
2782
14635
15151
9255
17232
642
14661
1533
5441
13127
8052
3206
8630
18769
12310
5516
10682
16679
14309
2942
14912
5447
19022
14752
3876
1846
9471
10436
16331
18881
5060
16985
17818
15105
9209
13794
19401
12852
3325
12090
18338
12963
18500
2478
61
9907
4273
15028
3129
15729
7533
7382
8589
17719
4430
9560
19724
11496
3378
12832
14787
7232
19652
12759
5243
7824
4961
13636
6641
9342
10863
12291
1505
16766
2609
17479
10532
8797
16468
18140
5920
4972
2243
19544
14748
17008
18716
10888
19041
19018
15428
1918
10074
13065
10485
1688
8978
672
7952
15764
11630
5008
18323
16396
15802
10501
7596
11880
7598
3077
1156
17665
17530
7598
8982
19860
17795
2149
9801
12637
4404
10659
107
11119
14734
12345
19869
2946
15034
4936
8490
8343
18693
8601
6039
1014
9225
6515
18723
670
1114
1880
10074
12335
7517
16325
2814
10092
5540
18889
4535
12703
16033
726
5014
10524
14872
16875
860
7929
5751
6877
2603
14216
12487
665
2144
10530
3236
2629
15957
1036
13549
9446
4491
6515
14122
14092
19041
16553
2884
2963
11196
13058
18281
3778
8455
12042
4289
14105
14866
2786
6191
4884
9800
17113
12567
5089
11595
11899
3137
9046
12056
5111
2407
17833
4292
5386
8639
18163
1136
4471
1581
2349
7898
16143
18174
7982
18811
7348
11443
14903
18326
7878
6432
3716
5275
3119
11396
6347
19594
15992
18133
7086
17842
19377
655
16630
7010
14002
12887
19808
8020
14092
16771
3046
4746
4803
2979
14596
10367
4448
7458
10730
5654
1302
1827
11766
10579
5954
698
15462
4688
3947
14919
7857
9018
19844
9785
11253
17251
10030
8429
10129
7748
15974
829
12436
3295
5395
14768
13168
1332
7678
6865
17574
15726
14518
15882
4236
9674
15648
12570
8468
15745
14678
9299
14417
18775
7279
17931
7061
6705
8141
4747
7002
5651
5499
1133
5583
16061
4000
27
15924
986
14309
7180
5652
7408
6691
5672
18307
15035
12315
11158
5810
17547
16606
11948
10425
4436
5496
2630
6850
10568
11984
3962
12463
879
3865
572
11266
18767
9428
7389
579
10095
1282
19911
14639
6973
579
1272
14095
15895
12989
7800
6654
8006
10316
4172
10368
6703
19169
15534
12236
6260
9257
11121
16206
17071
7166
2397
7962
1
10535
4046
8076
14872
12188
10696
18550
14621
7042
17652
10234
9717
5179
2536
14831
14744
11521
19330
19622
3178
2899
8858
16534
2665
10819
17325
13052
18761
10621
18134
13470
12280
8251
14748
11985
16552
3297
8510
1641
15391
17501
8246
7285
10763
1668
8261
18618
7943
2141
12038
2902
4243
8957
9737
12673
19384
17619
7994
18469
19573
1108
618
10569
17511
2946
1520
13683
13596
12064
7009
5817
1662
9532
1841
15586
2173
10872
4583
2959
12715
15695
19064
11562
5268
5361
6149
14283
16684
9060
3027
5393
8644
8734
12234
16514
13341
13055
5794
15328
15081
12401
1699
8447
6338
15797
14471
14623
4002
4361
7409
18820
17127
3020
10196
9064
4711
2696
799
15204
3995
12596
18920
15587
11728
9315
320
13439
13478
8461
8510
1076
4866
16124
19166
6628
17173
4798
4146
10400
11326
18140
2411
10999
12370
18056
16014
12260
9456
2852
4230
19465
7022
17673
3144
9111
9633
16624
17495
17231
12803
11739
3953
17211
12779
19803
17597
8481
9449
9775
7605
15914
15504
11919
4095
12984
1869
3571
10493
7182
14387
10557
18076
18048
9070
3852
19460
2298
5051
6889
2489
2925
15746
3531
3809
1129
7963
14859
15016
14894
2408
2349
1924
16612
3287
16409
1441
10703
14619
9267
4660
14380
4825
12393
13850
3493
10481
1612
6852
11450
8508
2818
853
16812
12664
5239
16622
5638
16856
10552
405
7692
3052
15987
13275
6558
11802
1536
16912
1180
16192
13856
5416
1311
16373
1145
9857
12533
17733
3959
11839
3816
1912
6165
4065
4695
10119
8235
8819
14033
7011
17556
18281
10705
3022
2176
3412
8690
1939
10479
7815
11963
2582
13793
13657
4813
3232
16440
7677
13717
12275
18479
6126
6332
5327
16635
9042
15424
16731
88
16008
13410
12340
18907
4261
771
7067
7376
9936
13904
5096
5365
18835
4708
17691
3368
11684
17482
339
16726
13675
16349
19518
10733
4073
19653
18453
5427
1525
5454
13705
4999
12178
18460
10695
17888
12171
5476
2579
12976
15125
14827
553
6583
3022
12604
12324
9119
14413
14470
14362
9183
11932
19781
12377
624
11771
8824
15411
902
10082
19527
18116
11274
18140
3577
7209
18204
11772
12141
14619
9234
12492
7526
416
15120
1375
14129
3316
14774
5410
3977
12352
2947
4590
19795
11788
7366
8306
7396
5970
8997
4164
17510
9847
7219
1571
11131
7980
7096
17383
19740
14488
7618
18032
7617
7553
7981
18780
17366
8769
7458
3733
11591
16492
15441
10109
12868
17983
7247
7298
2787
1867
18359
3544
16716
16253
8281
17962
19552
16436
10416
10717
981
2817
6191
19263
1257
3758
16877
10149
3691
16603
4314
10909
4099
19838
8478
17607
18698
16087
14163
11116
667
2717
6979
11472
934
93
4792
7517
5377
18383
19506
4093
8367
6999
8865
1634
6179
10859
11161
16489
12555
2452
14448
19560
4306
6149
9232
4602
8451
169
18975
7356
9879
2743
2804
11872
16871
6843
17321
12654
10753
14412
2237
9511
2654
11397
15188
13089
7232
162
14244
19747
6921
5162
630
3945
9544
1675
18867
6572
4728
4544
16545
15467
13067
7196
7459
17030
14790
4652
19453
2430
2499
15948
14581
13373
1432
12182
8458
19633
10930
14354
13268
309
2596
14235
16060
18452
19119
11821
15859
17171
870
3108
10426
14628
1493
17697
18987
15965
13405
2533
4448
10236
11560
1849
10079
2147
12859
5260
12782
13287
14100
12805
16616
13253
12700
13647
10225
12293
17563
3711
9749
17981
14455
16271
9169
1213
15735
1491
9115
19772
8568
3766
15601
19828
7806
12305
2670
7282
14685
3627
5959
1471
19135
14287
12101
13873
7233
15390
11424
934
3958
4669
15950
15978
6087
16188
12341
9722
484
6694
4253
4681
5116
2042
10877
11596
19613
14132
7385
458
16579
16545
529
3816
16443
14667
13091
12168
14846
12631
17976
989
10595
19001
3764
231
2815
10768
2493
19056
9946
4642
8060
18675
9131
9787
14808
14176
8709
9696
19100
13965
12244
10810
2265
3951
12222
15550
13112
14838
11061
12068
2001
13784
5991
13248
9133
4228
3778
8371
17065
6674
8977
16580
156
12919
3391
7864
16389
4563
6063
14910
16210
5693
231
12624
16579
12177
8804
1822
10603
17288
14609
14255
5967
11223
17808
7048
6448
17119
11475
2613
17157
11142
123
16005
19556
17473
19635
4846
520
8319
7517
18303
9093
17649
4603
1448
2279
12388
15634
4667
13077
16515
4094
14758
18377
10454
17034
6744
12888
4333
5524
19060
11765
17245
13289
15646
3824
15358
10296
6131
18140
19223
7436
13003
197
4672
11937
14839
17321
11391
17381
16912
10447
4110
3122
10056
14609
4991
13347
12736
18492
15753
11025
10069
9100
1878
13741
13800
4936
9802
404
6064
7579
4770
8690
19440
2523
7996
7996
4177
8986
15089
2020
5589
3497
6064
10333
13063
16490
10989
12506
18423
2816
11288
1782
500
6287
17242
7675
18189
10183
11595
5187
11723
5130
13613
12659
15722
18961
15909
13171
11001
2786
19081
7673
5030
15393
8908
11996
6167
15966
13547
13811
15718
8111
2634
13793
16740
8991
2928
18063
16469
14034
11443
7778
7612
5753
18868
10384
7184
13778
6048
4963
6853
15803
14014
9313
11874
5267
2576
6784
19692
6597
4432
15863
9800
9887
11166
5871
3374
12477
4647
6306
6757
19722
6062
11016
5920
6357
13687
8767
14473
14301
11324
12873
13624
9262
1574
11909
10372
15271
6812
7620
11290
12142
3831
3278
9895
13179
8895
16750
3661
17063
6017
19190
13780
4391
6743
18677
14551
16281
9071
15647
12458
7038
1281
719
9772
11991
18577
10275
14087
7671
15967
1134
11127
4343
18127
4479
1357
11969
5634
1293
17839
2521
2338
3341
5886
13745
11919
1158
13828
18765
2448
3037
9060
3628
10441
8355
10265
15959
1321
12788
5055
14105
19382
10346
16242
18817
11230
6156
13447
9445
8840
6308
1228
10035
15109
14853
8360
7855
13466
19888
15408
787
6418
14500
13630
17959
884
9438
5167
8324
1018
15132
1289
684
8585
8501
7285
16009
16930
15500
17034
1122
18423
19986
13490
9644
12700
16817
11286
9789
19398
989
1879
18986
3057
17326
13512
12738
9992
9575
4346
13624
6586
6388
13869
7706
14213
7545
15460
14732
19534
13055
1711
7686
4992
5395
10220
16067
17228
5204
4288
15113
11750
11617
8944
18621
12610
14904
5206
5428
16969
2317
15627
10910
6439
4865
7301
10192
19074
6404
15139
2336
3852
18407
10635
17209
5945
10868
17087
17622
16010
2644
19476
19753
18090
17600
15882
16261
7150
19699
4062
1328
15657
5438
7477
15397
5959
6706
3789
11064
12078
10958
11209
14320
7280
8647
1212
10134
10875
2712
1812
7972
11380
3620
13211
2667
16439
9379
9632
13515
8249
1409
7355
11076
9533
15773
13047
15750
14267
8744
6073
6152
7300
16745
8444
11678
17061
13158
9788
19101
9604
13974
4064
14954
4156
2620
6627
17060
7744
6046
17135
19099
13887
17723
19919
11577
11648
18067
10544
9848
12250
2349
5399
10189
5305
6174
13209
11676
13110
4578
18076
11963
19640
16655
17114
9211
19698
1205
675
18117
233
11149
5616
18207
4150
7779
1099
317
13129
12840
11497
11467
8168
10014
2676
18171
6807
9412
18067
14505
18860
19445
18671
11478
16731
11787
1073
2279
19907
11381
3824
11689
15433
8625
16636
14189
10325
7513
5132
15682
12581
17012
15472
7579
601
8936
15017
13382
4894
12245
14104
15138
7123
18906
10654
262
17598
3675
2428
6361
12741
18659
17882
18359
1051
4454
3705
2585
2607
1138
14083
12249
10013
2158
15703
14634
3859
12558
16816
5861
2841
6110
3122
13428
5790
3869
3497
13247
1406
19626
1212
5277
3463
3970
16508
3720
18746
11548
828
8089
7644
500
1070
17362
2834
7561
19153
19347
8986
11679
1043
5052
4274
12480
1998
8691
2551
17751
5108
19594
7323
10209
2996
19859
14324
19340
2085
7027
1707
19193
7856
5746
11536
10260
6075
7293
3098
4526
11187
2817
14724
14206
17710
13051
9292
17819
15754
9065
3662
16574
5762
2302
495
18051
8061
9043
2017
7241
19405
10962
15252
7853
16513
6733
11476
15108
2734
4750
15208
11770
14883
16632
10534
16890
16120
6476
15262
3594
19535
8949
4074
16181
11866
5061
1498
11217
5092
15132
6952
6983
16754
8219
16169
14022
15968
14386
4686
3883
6469
523
4819
3557
4359
7354
17615
715
18055
4117
16796
9623
13687
13488
8702
8410
16503
15146
8434
17609
18375
19443
13849
10214
4842
19932
11580
7045
1228
17460
12576
301
11585
16729
5354
7939
4583
2204
7560
844
15586
10053
8799
14331
17589
12661
15043
9921
3275
6940
18645
19841
373
11538
13331
2063
8419
19309
5889
214
3587
17410
9762
8812
19466
14477
10163
19257
18622
4705
15351
13055
8923
18936
249
8862
8344
18533
12407
14142
18251
6647
18133
15685
10976
16934
3239
2520
11247
19801
847
7300
19686
3825
19358
10437
18051
9284
47
373
13184
2703
13395
12846
16530
15132
2497
9612
1221
6132
467
14828
4754
19061
5588
8239
18545
10359
12492
15744
8468
15263
1794
6831
13541
6866
2594
10617
6753
15047
13982
4667
4437
9321
16797
9915
7824
7366
22
13866
17977
16103
1641
18034
6678
14587
18564
14669
16563
4534
9496
5523
8681
14293
12220
19989
3127
14498
10375
13205
1931
17912
13431
9742
14762
2375
640
9696
12724
14354
12221
10782
18785
9713
4921
14254
14662
19213
4581
18912
15807
17851
13067
9763
13317
14437
7144
1098
12235
18798
14977
5459
2566
17942
1336
7358
2336
11231
4679
2009
1120
15716
17312
14001
19528
6750
11953
17160
19684
10893
13628
4472
15431
15270
17065
18259
9418
12350
9058
19322
13852
3978
4781
10543
14588
11154
5836
1505
2399
1101
947
18013
8607
6977
18103
13732
12638
15030
2348
7227
4454
7246
11504
589
10033
2798
77
3608
5959
12364
14997
12963
4753
1452
14603
17964
1782
5617
9523
17197
9711
16590
2224
6377
13069
4681
14574
18229
17212
5104
7450
11236
7859
18738
14283
10892
15941
15332
1902
12012
5395
15581
8245
13066
4799
15276
813
3497
7131
968
13385
505
5805
10625
3073
3479
15475
5139
5015
18523
18100
6035
8259
5190
15575
9668
8084
16094
14431
13604
17507
19022
2675
10859
13719
11519
19219
19325
19328
4201
13171
13162
6149
3845
3054
18827
5478
17651
12297
5450
13320
2883
15896
11460
5731
4921
19255
12612
7839
3399
6418
12620
8826
17902
6723
17477
10071
13123
3200
17408
16447
7499
19925
18983
17991
13822
5188
13322
7869
14275
15240
8316
6102
4753
19119
5540
5724
11410
10314
5498
16924
4254
12086
7808
17889
9912
2741
11681
10700
16016
1637
8229
4394
17499
19935
15033
17108
4248
13340
4469
339
19786
6547
4894
9253
2959
15844
1343
11490
8966
19596
8162
13865
7056
6993
669
17022
9978
2758
2292
199
14842
9556
9400
9731
3103
6283
7733
16260
7826
11754
4009
14397
4534
11270
680
1002
9397
16096
19963
3903
16358
1973
5164
16858
14644
19555
8978
18285
5824
9477
5327
8315
6130
18587
12856
15068
7173
19848
2703
2497
4176
5625
133
15007
12579
1383
19569
10024
11221
4247
4900
12882
19703
16557
9083
19521
2426
1565
7346
1777
10505
12096
14475
757
9465
11022
9641
1375
2772
14506
13948
12046
19709
5335
4792
18941
18410
17429
10228
8323
5356
10624
15925
8456
6029
16852
15919
10558
9516
1517
6740
2469
12979
9627
1523
8713
8642
3704
4276
18467
1593
15462
7750
9741
4206
2852
14428
15028
17666
5996
14880
10693
2729
6168
3701
2147
19830
13692
6562
17592
13504
8393
12231
15161
15693
1639
12890
13337
2507
7434
3551
18476
2326
816
12006
1000
10951
15858
17353
4330
13287
5925
7374
6615
4480
16084
14794
4050
16510
3900
3023
6986
12202
12746
8666
18570
5301
10798
10869
18079
365
1616
4106
4649
9198
1499
4065
3083
10331
5593
3789
15744
345
17051
8746
6096
10552
10855
14699
6868
14555
6586
16627
6780
5332
11485
8990
6986
13581
17586
1479
3158
17762
3370
11483
15569
2621
1267
1861
19555
9677
345
4777
209
15770
19580
12407
19064
14924
3785
7557
11529
16407
6965
13788
14958
6768
17902
6827
19474
10400
18149
16308
3398
3692
7413
2647
19309
7593
16106
12896
6876
15429
9597
13183
19694
12556
6640
2771
11068
18799
7759
19805
12033
4717
14765
4573
10863
17763
13644
5877
14386
8745
13913
5035
18562
1014
15118
4988
17945
18195
11893
9333
14739
100
11129
11311
19723
12508
15540
11650
1056
10348
19507
12123
15989
11679
2214
8866
9928
2988
14423
17271
12223
7806
2010
2553
1484
12176
1118
14019
16427
2168
19033
928
10577
525
17048
19441
15092
579
7054
629
1126
9971
18820
14
9529
553
5468
1638
10433
12995
4263
17408
4068
17748
18161
11780
18587
18529
7992
510
18537
5040
4157
12576
12488
16913
474
4101
9987
9982
9442
5464
4361
661
7163
6694
8112
2164
19096
9701
2137
10804
4576
1945
6806
3500
18353
13525
17086
10450
13705
15618
14459
9042
4773
2905
4196
12419
2898
18778
10513
8903
19158
5734
12271
2005
4503
798
16910
14354
262
17879
15403
4150
10400
8184
11234
2430
10220
4858
15770
4263
3103
19031
694
5691
4410
17198
12914
8648
4247
3214
3131
7113
11340
9175
3216
11151
13281
17383
11885
3250
7462
12783
17917
5279
15918
14988
18724
16295
15176
3354
1719
238
6289
17179
4538
18253
6111
8929
570
7982
4126
13034
7724
17260
13411
16138
220
10768
2081
16331
1064
17870
18482
19088
5177
19008
6514
3905
16626
11500
15347
793
14517
1397
2933
16764
1651
5679
10519
13545
9020
281
9580
9414
6004
1099
13920
19489
6315
9785
18729
2570
1040
16389
19248
8310
7032
10459
6353
18579
6568
10138
1323
14130
7342
13999
12417
1143
8428
18768
8269
2188
5487
4578
5914
15592
15893
6633
19000
18314
10863
405
1223
9431
19966
17171
4173
7447
11967
8921
3753
17813
14667
7231
857
13431
18854
13245
4108
552
15035
4324
12733
14215
1711
988
622
12843
10587
7817
5662
19089
18467
5601
817
8627
16253
13918
1752
19359
15055
332
194
17
6116
4734
14358
8535
14583
503
4424
2420
5087
7515
3172
7124
15260
19997
9028
11459
6066
12967
13900
16401
3334
11011
9589
14564
12100
9628
17863
18655
6272
15225
5591
2130
16317
12855
1945
11641
7156
6674
488
2906
1810
18976
4589
14236
19772
13972
10165
16254
10348
1620
2843
4582
9942
17385
16938
8996
6731
12708
19645
5258
11494
4389
10002
16817
18643
9109
15643
19920
7021
9443
19226
487
25
8614
17979
6593
13879
15864
2021
14805
2733
18820
6656
15764
8667
3567
1903
19804
4392
9547
11147
470
14128
14902
415
16509
5517
19453
1086
6260
14985
3976
14824
1995
18889
7366
13727
16089
1271
10108
19646
10603
7536
8002
4677
12210
13117
5245
7194
19017
5104
12231
6106
14112
15010
19173
14011
14894
12212
13889
9361
2683
2426
9565
15636
11194
7038
6033
1480
8206
19092
12451
9369
4348
11615
17743
2867
3098
13884
9795
7440
11249
163
4475
7072
615
3959
19478
12654
14833
8975
3396
9132
6540
3425
3768
9898
14015
13367
16313
6490
2849
19295
15604
8197
19851
4945
3524
3961
8808
19280
7965
8862
441
3965
12063
3129
1384
15914
17947
196
19543
14793
5120
12350
4926
6535
2564
14110
2514
9297
7469
11005
16515
15597
15751
11341
17373
8008
2946
499
16020
7675
10985
15139
6018
6565
11050
13037
5008
1370
1192
16520
7102
681
16442
13299
7709
15654
15061
14061
18064
1491
13413
2450
15306
3825
7274
2192
10341
12089
19358
1281
11710
5131
15449
502
10786
11273
19070
6757
12050
23
1510
1167
12479
17052
13066
12456
18219
13550
6677
16065
16663
12643
16751
7653
10638
10154
10993
4751
3134
18649
17066
5656
15298
4883
5631
9283
13801
14706
16513
6428
19750
6579
8173
4071
7882
17911
7961
8825
9231
8511
17957
7477
16191
15353
16903
17295
12380
3443
10234
8589
5801
14413
10178
1035
3369
9981
15737
18811
10023
5206
861
6365
1701
16005
16751
6554
5336
11524
7337
17964
9599
3045
14928
406
14150
17875
7536
19471
3686
14992
12787
10786
1333
6638
4419
13681
2054
12324
16766
1842
19511
18575
12951
11327
14456
5433
16931
11479
17272
5666
7240
11845
6175
15968
375
9101
8688
4017
13476
11208
6535
4691
9792
19349
4700
18804
13719
3742
10867
8979
8326
13926
14905
17537
11794
4991
2916
16975
3744
11726
11838
11486
5537
2980
17756
14112
7399
5968
6534
6682
16714
16562
13875
17760
979
14188
2384
6446
6568
18758
3047
6594
5064
7865
10409
19830
17703
18786
6664
6378
5676
8240
3459
17022
1164
294
3044
2471
3154
11104
16790
4825
7811
9594
6809
9882
1432
12952
19437
1055
12679
16835
14417
9932
19310
15157
5101
6703
14963
12202
8770
4565
19727
17073
13435
6259
10423
1461
15494
11519
12393
15686
10234
4204
10207
5152
8290
8473
17170
3483
2426
14822
17427
17075
18085
4394
11484
13486
11468
16338
8233
13886
8218
11482
6792
4452
5989
2228
14421
11389
19692
7862
8295
13178
6253
3744
19769
3065
14295
16023
16743
5014
365
1017
2344
11612
7604
12771
10602
4481
12667
5402
17012
4545
10590
559
19970
7381
16616
11080
16353
12445
19082
3028
16959
14987
8807
9442
650
2823
15054
4316
294
11977
18195
12976
4350
4757
10124
627
11892
15095
11120
14198
10313
17711
6642
18157
18179
10072
13017
18560
16951
6156
14808
16359
13940
2382
1123
12223
6873
11961
12598
17294
14152
2254
11889
3655
10521
15621
4086
18203
17407
7222
6305
12141
430
5431
1845
8589
7560
9679
17381
1358
877
16790
2523
16051
8764
12553
659
577
9600
6128
11121
6015
18648
3234
14051
14222
14049
4961
8084
16897
19604
7593
17737
2536
19307
7553
12612
17139
6596
14499
12365
6666
806
13449
15627
4987
6261
5092
10580
18389
18190
5245
13233
11111
11849
16359
6648
19181
3233
13778
15281
19750
17572
13916
3865
6983
14775
12413
17224
16148
9703
12449
3263
19651
7354
12370
10199
9319
2574
1901
8914
962
16808
6122
7502
4925
11718
9783
17980
12515
561
10538
7502
6941
14507
15375
2201
1571
15710
16486
14195
6347
1821
11610
19285
14217
10123
14411
2889
11863
11184
19272
8676
11720
9907
18456
1229
10125
2111
8780
7786
18008
12063
12070
5755
10507
12634
19625
2168
15579
549
11989
14033
16997
1388
13252
10254
2668
8815
1783
16494
19900
5681
18028
8356
19309
11278
2498
8786
6505
9273
18809
15971
4589
15577
10591
9692
11727
5433
18386
11498
6986
4062
13961
15162
3720
7282
12645
7867
19463
13591
15666
18044
6154
18754
158
18316
14127
2705
13967
2051
1761
9629
5192
7278
10436
11955
4619
11629
19573
15091
17543
14863
18853
16202
3598
12812
4304
979
17463
12539
16308
19703
1456
8025
15422
19882
3597
4639
16607
1869
6762
1935
16847
987
17123
8098
5286
11948
14085
412
14321
3356
16690
18908
11897
7308
14405
4693
2024
12472
17260
16652
10905
16003
12197
1437
16947
13134
14377
11076
17770
8326
16399
11085
18392
4318
12584
5845
3315
5326
11168
11058
6657
13374
17168
9606
2162
15650
264
17116
12042
11806
4164
7049
15874
1567
834
14219
12317
18290
15999
10264
2441
10020
2471
7588
11896
927
7884
14868
14452
6796
1405
15834
2208
18424
4095
12692
16844
16230
13561
17811
10326
11397
8323
13256
7306
4372
15609
10080
2721
18188
18655
2342
3743
11124
50
3594
19433
4370
13374
11074
8935
3014
3078
1699
5067
15798
10464
6557
15443
1610
19573
13904
17451
5952
12653
16088
9593
14950
13966
18019
10417
3062
15457
7785
15006
7320
5129
791
17524
9747
18447
5111
17858
6021
11590
371
14299
14357
232
378
15099
9659
4248
17625
14850
7208
19768
4797
17520
18155
13115
18963
3930
8200
18296
14396
1641
4296
10628
11660
7676
4990
567
10203
9697
9641
17248
9685
17361
6363
6917
11415
17291
17130
5149
14375
5124
12483
5766
12946
16896
9631
416
5274
1749
11206
15175
17978
16310
10757
10489
17246
12036
11875
7383
16567
1787
1087
10
19369
12969
18600
7279
8684
11095
865
14604
3304
8777
1313
15403
3286
5357
8862
10170
3288
6512
5499
13013
13114
9413
413
8304
3453
5153
7070
10526
11631
10201
2927
18294
3769
7564
3568
2955
11702
18477
14836
8183
3645
15491
8327
16904
8172
1655
19443
15650
838
12940
7762
17838
16121
2835
13318
7778
12609
11732
18808
8271
12109
1723
9711
3453
10231
2448
12303
3436
282
16726
14140
13504
9597
621
5054
13062
1259
1126
11166
9058
14281
16339
8104
18725
18331
18760
7752
125
17624
7697
2042
9395
717
6963
17700
8253
15121
5636
18588
9562
8528
17127
1455
18379
5091
18309
7913
10349
10876
17559
8918
14887
14060
16095
19450
16404
17532
3012
1202
17449
17196
15768
17064
19643
16891
16583
11703
4932
167
16897
18366
4509
5861
15625
13309
11209
18092
4802
64
18398
6371
8004
19615
7157
11107
8190
52
8644
700
6765
16850
13514
14043
3378
8914
16839
18609
18360
8178
6359
1177
16897
14007
17994
7800
18097
18155
2523
19398
14912
3955
8765
9519
10737
15360
9562
17881
8385
6849
691
14106
18142
4791
9718
12376
1449
11184
16708
14282
14236
6942
15568
5946
4447
8145
2772
14139
8601
5397
15741
6990
17369
1300
4407
14287
11890
1470
7767
8196
19277
6562
18299
12109
14686
11411
15010
10878
7429
14943
8316
16740
13434
13234
14974
5684
7766
15292
10555
2542
8486
13721
7864
17073
14425
13087
9634
19730
11441
16631
18532
4595
6121
3249
9593
9235
13834
5596
6423
10320
5062
3974
19642
2648
14638
4891
15050
8286
7664
1934
18381
11977
5358
6946
3241
3967
10829
11782
10180
8513
10341
12201
4324
2462
15287
12493
9512
18516
10954
13383
15153
3026
15159
2674
5928
13294
9854
15860
4850
5578
17154
17051
10110
18975
17187
4496
14517
10926
15720
7968
6748
14327
9193
14214
13294
657
16187
2398
9479
18772
18696
6930
17523
17870
16691
18639
19121
16624
13171
4384
19392
6129
11291
19403
7636
824
7195
4174
16009
3776
9079
851
5524
6846
16993
1149
2064
11229
15052
2180
10149
6458
5343
7600
12505
1316
6085
10709
2853
18759
18659
9762
5483
12681
9181
9676
7974
1466
9280
15374
12379
4247
12682
1701
18906
10181
5728
9163
19273
3139
5215
13177
18732
14525
5265
6401
2556
2047
5132
14079
7159
17538
2374
1112
14779
12910
12365
2413
9833
7969
6955
7872
12197
10207
8335
14042
697
9094
13617
3547
11393
12538
11733
4091
9497
11724
15930
2184
10700
19763
14494
377
17185
9403
9230
10521
3669
19272
1646
15959
19016
9892
11926
4739
5542
3916
1792
7177
3908
10886
6015
17832
14179
2477
8212
19862
15332
6555
15619
3803
2695
18278
7420
3087
4217
14142
9349
19443
5417
2966
10215
9285
11063
2242
3566
7870
9870
18623
1311
2489
8395
1025
15268
2442
2640
738
12606
15447
18121
11633
14751
19025
17627
630
14803
8119
12802
2521
1965
9327
154
5232
12546
15686
17541
13347
15569
4586
17250
9516
17811
2077
5514
14172
15501
13360
6433
8821
3513
11797
5918
7537
10909
13624
4784
15729
12987
2888
9651
14423
4662
18629
5338
3892
15745
881
3017
16837
11716
9806
8473
11413
10037
3989
15989
15424
10984
12458
5896
7795
17034
2880
16638
16462
3339
6061
8061
15720
16239
18678
12685
1009
6100
712
7449
1201
12149
19822
16622
7147
5574
220
15147
12766
18012
4829
16041
19350
19540
19552
6334
19084
17884
8999
17528
2005
540
13624
14631
2993
10969
17385
451
3166
2922
14527
19204
4272
11154
7392
11961
15357
16966
498
2442
10146
11229
14596
6903
15398
12503
12645
9466
9153
9032
6797
9968
485
2044
11362
13481
6734
19805
19970
8763
19016
12404
7900
14130
17816
12677
8943
15914
2503
3316
16732
6
16610
19432
14964
17962
1404
1801
15156
7815
9481
7781
15378
16501
10798
9940
5659
8739
1650
7701
18271
11529
18123
6493
8632
3830
3886
19565
132
15480
5982
13403
6258
17704
16591
12704
7535
15019
14937
15193
6690
2206
16750
4752
12733
7474
15157
1238
12115
8610
10479
10780
17580
7601
19351
17545
10286
11236
3905
16648
7060
4247
10739
4117
17137
3133
8355
11000
9479
19648
6715
15462
9571
957
5899
8638
17380
5003
99
11007
3227
8854
3771
6551
14681
10079
13872
7906
4774
1648
372
7252
10980
11022
3564
3614
13548
11468
18760
18828
8704
19423
15789
16093
13874
3065
2242
10327
3760
2728
3915
474
3673
14367
5246
12600
1395
12462
9338
11090
3610
9220
349
4665
485
17522
16154
1092
4360
330
16634
9042
12564
8789
13247
16848
16885
12795
7946
4847
787
15995
17114
19490
19783
2569
5181
17938
16141
7828
17786
17920
1508
14370
6843
18597
13330
7758
11231
19838
8253
11926
3088
10667
7926
7081
13447
9233
4770
14268
11624
17105
8758
15591
15847
3131
13618
1860
18559
5839
4334
17167
9235
16065
7250
13863
1608
538
2703
10952
4494
17315
6360
15999
7702
4677
9564
19899
3344
13977
7669
15854
16418
16458
11290
12209
10696
13234
6480
13250
16215
2459
5200
12917
16148
18196
475
7213
4646
3219
8758
3694
18462
12978
1387
775
16730
10043
7885
4651
3903
12628
12188
18408
5764
4233
8339
13561
3638
6975
2
18600
1793
793
19851
12979
10255
6990
6655
17817
1414
18483
8022
19617
14337
613
9203
18973
8528
15557
3203
16913
2628
15655
16177
15214
18417
3430
10432
5006
1390
898
3060
18471
17523
5951
18062
6800
19887
1435
6948
4555
9460
7520
8649
7890
15920
18998
3194
4415
11681
1614
19864
12658
11333
7657
3188
19107
12529
18284
2048
15508
18259
15390
7405
5045
14041
947
12010
4596
13622
10185
4143
13500
16749
1062
8656
3341
13215
11720
2111
3721
15359
18339
11154
9690
18638
10544
6410
15409
6855
18560
12869
18324
18213
7784
10575
14263
11659
5732
16481
14633
19627
8628
8978
15105
11245
16079
16740
14005
19488
15031
19657
1451
9815
7299
17107
1184
1345
6503
19354
8646
17319
875
4539
3588
2604
7308
59
3369
19325
9107
380
6038
6316
16279
18446
19589
2998
19865
1446
3767
9440
10540
1233
8558
12543
8871
15068
19275
14427
16578
3201
9980
5207
8579
16703
611
18384
11363
15620
18431
13541
7873
16635
3369
161
14495
16285
17965
14205
11624
19520
5158
482
5139
18205
3949
144
4948
4879
9362
4498
7215
10599
6986
9737
13660
11916
11465
9967
16096
18013
9921
19904
14743
19156
3547
14557
7342
18349
3037
15610
726
345
13813
14544
9034
10869
19455
1348
16751
4552
8189
5818
18616
15450
17967
10000
13369
13957
19293
14509
3790
2195
17143
9643
12629
9967
19369
18161
1531
6054
8698
4175
18182
14956
744
16231
5667
11426
9117
12812
2752
18139
17229
9488
18297
12484
5993
5243
19722
7832
9215
14634
1800
4683
13673
16948
2931
8964
12816
6545
5520
8368
11791
15389
14477
14779
14310
6340
5586
1445
16485
12431
4113
9064
14095
16716
7279
18118
14668
1998
451
14379
18327
18716
18639
3883
2357
4934
18013
5634
3869
4500
11998
9166
16739
7244
13115
18807
16764
17902
10550
16158
8191
763
12072
3359
42
10606
5240
3236
17826
15891
185
3517
8576
13233
14762
9860
12063
13544
3755
4369
18861
15800
19051
10046
2086
18284
8643
16209
12565
12698
11952
10009
8305
12038
16631
12001
2602
2598
15333
3192
16640
3834
3191
2583
13122
4916
19991
7224
581
11476
12693
19778
3381
957
196
16368
13250
17790
18971
9440
2108
13441
16826
14773
2171
17456
7141
5907
2874
15119
2411
4622
9659
16833
10020
996
19428
11953
11692
6786
9157
17854
497
15770
14847
13478
16069
6218
12772
2137
7914
5216
2922
17178
8070
198
4072
5760
2973
6231
16101
2557
